26.28
20.61
17.01
17.41
14.43
14.94
21.42
17.01
16.83
18.87
16.49
20.40
19.89
14.28
19.07
20.40
14.79
10.71
10.82
9.183
10.71
4.591
7.653
8.163
7.216
6.632
7.731
0.0
14.28
12.37
17.34
21.64
18.55
19.38
16.49
11.34
20.40
13.40
20.40
22.44
0
21.64
26.80
18.36
19.38
0
0
0
25.53
21.87
25.25
26.04
19.38
26.53
21.42
21.42
18.36
18.18
20.40
14.28
25.51
12.24
19.38
19.38
19.38
19.38
27.55
18.36
18.36
14.28
0
0
15.0
15.0
18.0
9.0
5.050
0.0
0.0
0.0
0.0
0.0
0.0
0.0
0.0
0.0
0.0
0.0
0.0
0.0
0.0
0.0
0.0
0.0
0.0
0.0
0.0
0.0
0.0
0.0
